0	121.2050823	31.2905366	0	0	33.0625
1	121.2050829	31.2905375	0	0	33.1174
2	121.2050837	31.2905385	0	0	33.1943
3	121.2050844	31.2905394	0	0	33.2382
4	121.2050852	31.2905404	0	0	33.2602
5	121.2050861	31.2905416	0	0	33.2932
6	121.2050867	31.2905424	0	0	33.3151
7	121.2050879	31.2905438	0	0	33.3591
8	121.2050890	31.2905453	0	0	33.403
9	121.2050896	31.2905461	0	0	33.447
10	121.2050906	31.2905473	0	0	33.4799
11	121.2050912	31.2905482	0	0	33.5129
12	121.2050919	31.2905490	0	0	33.5458
13	121.2050926	31.2905498	0	0	33.5898
14	121.2050933	31.2905508	0	0	33.6008
15	121.2050941	31.2905517	0	0	33.6118
16	121.2050949	31.2905528	0	0	33.6447
17	121.2050964	31.2905547	0	0	33.6667
18	121.2050972	31.2905557	0	0	33.6667
19	121.2050981	31.2905568	0	0	33.6777
20	121.2050989	31.2905579	0	0	33.6667
21	121.2050999	31.2905591	0	0	33.6557
22	121.2051009	31.2905603	0	0	33.6447
23	121.2051018	31.2905615	0	0	33.6447
24	121.2051029	31.2905629	0	0	33.6557
25	121.2051040	31.2905643	0	0	33.6447
26	121.2051051	31.2905657	0	0	33.6557
27	121.2051063	31.2905672	0	0	33.6887
28	121.2051074	31.2905686	0	0	33.6997
29	121.2051086	31.2905701	0	0	33.6887
30	121.2051098	31.2905717	0	0	33.7106
31	121.2051112	31.2905733	0	0	33.7216
32	121.2051125	31.2905750	0	0	33.7326
33	121.2051139	31.2905767	0	0	33.7546
34	121.2051153	31.2905785	0	0	33.7546
35	121.2051167	31.2905803	0	0	33.7656
36	121.2051182	31.2905822	0	0	33.7656
37	121.2051197	31.2905841	0	0	33.7766
38	121.2051212	31.2905860	0	0	33.7766
39	121.2051228	31.2905880	0	0	33.7766
40	121.2051244	31.2905900	0	0	33.7875
41	121.2051260	31.2905920	0	0	33.7985
42	121.2051277	31.2905941	0	0	33.7985
43	121.2051294	31.2905963	0	0	33.7766
44	121.2051311	31.2905985	0	0	33.7656
45	121.2051330	31.2906010	0	0	33.7326
46	121.2051347	31.2906030	0	0	33.6997
47	121.2051365	31.2906053	0	0	33.6777
48	121.2051383	31.2906076	0	0	33.6447
49	121.2051401	31.2906100	0	0	33.5568
50	121.2051420	31.2906124	0	0	33.5129
51	121.2051439	31.2906148	0	0	33.4909
52	121.2051458	31.2906172	0	0	33.4799
53	121.2051477	31.2906197	0	0	33.458
54	121.2051497	31.2906222	0	0	33.436
55	121.2051516	31.2906248	0	0	33.425
56	121.2051536	31.2906273	0	0	33.425
57	121.2051556	31.2906298	0	0	33.425
58	121.2051576	31.2906324	0	0	33.403
59	121.2051595	31.2906349	0	0	33.3481
60	121.2051615	31.2906374	0	0	33.3371
61	121.2051633	31.2906397	0	0	33.3042
62	121.2051654	31.2906424	0	0	33.2602
63	121.2051672	31.2906447	0	0	33.2382
64	121.2051694	31.2906475	0	0	33.1943
65	121.2051714	31.2906501	0	0	33.1723
66	121.2051734	31.2906527	0	0	33.1613
67	121.2051752	31.2906551	0	0	33.1394
68	121.2051775	31.2906580	0	0	33.0954
69	121.2051799	31.2906611	0	0	33.0625
70	121.2051817	31.2906635	0	0	33.0295
71	121.2051835	31.2906658	0	0	33.0075
72	121.2051855	31.2906685	0	0	32.9746
73	121.2051878	31.2906714	0	0	32.9526
74	121.2051896	31.2906737	0	0	32.9196
75	121.2051918	31.2906766	0	0	32.8867
76	121.2051936	31.2906790	0	0	32.8647
77	121.2051956	31.2906816	0	0	32.8318
78	121.2051975	31.2906842	0	0	32.7988
79	121.2051995	31.2906867	0	0	32.7658
80	121.2052015	31.2906893	0	0	32.7329
81	121.2052034	31.2906919	0	0	32.678
82	121.2052054	31.2906945	0	0	32.634
83	121.2052073	31.2906970	0	0	32.6011
84	121.2052093	31.2906996	0	0	32.5461
85	121.2052112	31.2907021	0	0	32.4802
86	121.2052131	31.2907047	0	0	32.4363
87	121.2052152	31.2907075	0	0	32.3923
88	121.2052169	31.2907098	0	0	32.3484
89	121.2052188	31.2907123	0	0	32.3044
90	121.2052207	31.2907148	0	0	32.2605
91	121.2052226	31.2907174	0	0	32.2165
92	121.2052245	31.2907199	0	0	32.2056
93	121.2052264	31.2907224	0	0	32.1946
94	121.2052282	31.2907249	0	0	32.1287
95	121.2052301	31.2907274	0	0	32.0737
96	121.2052319	31.2907299	0	0	32.0627
97	121.2052338	31.2907323	0	0	32.0298
98	121.2052356	31.2907348	0	0	31.9748
99	121.2052374	31.2907373	0	0	31.9309
100	121.2052392	31.2907397	0	0	31.9089
101	121.2052412	31.2907424	0	0	31.865
102	121.2052428	31.2907446	0	0	31.843
103	121.2052444	31.2907467	0	0	31.821
104	121.2052465	31.2907496	0	0	31.7661
105	121.2052482	31.2907519	0	0	31.7332
106	121.2052499	31.2907543	0	0	31.7002
107	121.2052519	31.2907570	0	0	31.6672
108	121.2052535	31.2907592	0	0	31.6563
109	121.2052554	31.2907618	0	0	31.6453
110	121.2052573	31.2907644	0	0	31.6013
111	121.2052588	31.2907665	0	0	31.5684
112	121.2052606	31.2907690	0	0	31.5354
113	121.2052624	31.2907714	0	0	31.5025
114	121.2052642	31.2907740	0	0	31.4805
115	121.2052660	31.2907764	0	0	31.4475
116	121.2052679	31.2907790	0	0	31.4036
117	121.2052697	31.2907815	0	0	31.3816
118	121.2052716	31.2907841	0	0	31.3377
119	121.2052738	31.2907872	0	0	31.2937
120	121.2052753	31.2907893	0	0	31.2608
121	121.2052772	31.2907919	0	0	31.2278
122	121.2052791	31.2907946	0	0	31.1839
123	121.2052812	31.2907975	0	0	31.1399
124	121.2052829	31.2908000	0	0	31.1179
125	121.2052849	31.2908026	0	0	31.074
126	121.2052868	31.2908054	0	0	31.041
127	121.2052888	31.2908081	0	0	31.0081
128	121.2052908	31.2908109	0	0	30.9641
129	121.2052929	31.2908140	0	0	30.9092
130	121.2052947	31.2908165	0	0	30.8653
131	121.2052965	31.2908191	0	0	30.8103
132	121.2052990	31.2908225	0	0	30.7554
133	121.2053010	31.2908254	0	0	30.7115
134	121.2053030	31.2908283	0	0	30.6346
135	121.2053051	31.2908312	0	0	30.5686
136	121.2053071	31.2908342	0	0	30.5027
137	121.2053092	31.2908371	0	0	30.4258
138	121.2053110	31.2908398	0	0	30.3709
139	121.2053131	31.2908428	0	0	30.283
140	121.2053154	31.2908461	0	0	30.1841
141	121.2053175	31.2908491	0	0	30.1072
142	121.2053193	31.2908519	0	0	30.0303
143	121.2053214	31.2908549	0	0	29.9534
144	121.2053235	31.2908579	0	0	29.8765
145	121.2053256	31.2908610	0	0	29.7776
146	121.2053277	31.2908641	0	0	29.6788
147	121.2053295	31.2908668	0	0	29.5909
148	121.2053318	31.2908702	0	0	29.47
149	121.2053341	31.2908736	0	0	29.3602
150	121.2053360	31.2908764	0	0	29.2723
151	121.2053380	31.2908796	0	0	29.1734
152	121.2053403	31.2908830	0	0	29.0526
153	121.2053422	31.2908859	0	0	28.9757
154	121.2053443	31.2908891	0	0	28.9098
155	121.2053463	31.2908923	0	0	28.8329
156	121.2053484	31.2908955	0	0	28.745
157	121.2053505	31.2908988	0	0	28.6571
158	121.2053526	31.2909020	0	0	28.5252
159	121.2053546	31.2909053	0	0	28.3714
160	121.2053569	31.2909088	0	0	28.2286
161	121.2053588	31.2909118	0	0	28.0968
162	121.2053608	31.2909151	0	0	27.9869
163	121.2053627	31.2909181	0	0	27.8881
164	121.2053650	31.2909217	0	0	27.7562
165	121.2053670	31.2909251	0	0	27.6244
166	121.2053690	31.2909284	0	0	27.4816
167	121.2053711	31.2909317	0	0	27.3388
168	121.2053731	31.2909350	0	0	27.185
169	121.2053751	31.2909383	0	0	27.0421
170	121.2053773	31.2909419	0	0	26.9213
171	121.2053791	31.2909449	0	0	26.8224
172	121.2053813	31.2909485	0	0	26.7235
173	121.2053830	31.2909515	0	0	26.6357
174	121.2053850	31.2909548	0	0	26.5368
175	121.2053873	31.2909587	0	0	26.4489
176	121.2053890	31.2909617	0	0	26.383
177	121.2053909	31.2909649	0	0	26.3171
178	121.2053928	31.2909682	0	0	26.2731
179	121.2053948	31.2909716	0	0	26.2072
180	121.2053964	31.2909743	0	0	26.1633
181	121.2053985	31.2909779	0	0	26.1193
182	121.2054005	31.2909813	0	0	26.0424
183	121.2054023	31.2909846	0	0	25.9765
184	121.2054045	31.2909883	0	0	25.8996
185	121.2054066	31.2909921	0	0	25.8337
186	121.2054087	31.2909958	0	0	25.7787
187	121.2054100	31.2909981	0	0	25.7458
188	121.2054119	31.2910015	0	0	25.7018
189	121.2054142	31.2910056	0	0	25.6359
190	121.2054157	31.2910083	0	0	25.592
191	121.2054177	31.2910116	0	0	25.548
192	121.2054194	31.2910147	0	0	25.5041
193	121.2054219	31.2910191	0	0	25.4492
194	121.2054234	31.2910218	0	0	25.4272
195	121.2054255	31.2910255	0	0	25.3832
196	121.2054273	31.2910285	0	0	25.3613
197	121.2054292	31.2910319	0	0	25.3393
198	121.2054311	31.2910353	0	0	25.3173
199	121.2054332	31.2910391	0	0	25.2844
200	121.2054350	31.2910421	0	0	25.2294
201	121.2054369	31.2910456	0	0	25.1855
202	121.2054388	31.2910490	0	0	25.1196
203	121.2054408	31.2910524	0	0	25.0756
204	121.2054427	31.2910559	0	0	25.0097
205	121.2054444	31.2910590	0	0	24.9658
206	121.2054465	31.2910628	0	0	24.8889
207	121.2054485	31.2910662	0	0	24.812
208	121.2054505	31.2910700	0	0	24.7461
209	121.2054524	31.2910734	0	0	24.6911
210	121.2054543	31.2910768	0	0	24.6252
211	121.2054562	31.2910803	0	0	24.5373
212	121.2054579	31.2910834	0	0	24.4604
213	121.2054599	31.2910871	0	0	24.3945
214	121.2054618	31.2910905	0	0	24.3176
215	121.2054635	31.2910936	0	0	24.2627
216	121.2054653	31.2910970	0	0	24.2077
217	121.2054676	31.2911014	0	0	24.1418
218	121.2054687	31.2911034	0	0	24.1199
219	121.2054718	31.2911092	0	0	24.0539
220	121.2054729	31.2911112	0	0	24.032
221	121.2054743	31.2911139	0	0	24.021
222	121.2054761	31.2911173	0	0	24.01
223	121.2054779	31.2911206	0	0	23.999
224	121.2054797	31.2911240	0	0	23.988
225	121.2054815	31.2911274	0	0	23.9661
226	121.2054832	31.2911307	0	0	23.9331
227	121.2054850	31.2911341	0	0	23.9111
228	121.2054868	31.2911375	0	0	23.8782
229	121.2054886	31.2911409	0	0	23.8452
230	121.2054904	31.2911442	0	0	23.8123
231	121.2054921	31.2911476	0	0	23.7683
232	121.2054939	31.2911510	0	0	23.7353
233	121.2054957	31.2911543	0	0	23.7024
234	121.2054972	31.2911574	0	0	23.6584
235	121.2054990	31.2911607	0	0	23.6365
236	121.2055009	31.2911644	0	0	23.5925
237	121.2055027	31.2911677	0	0	23.5376
238	121.2055044	31.2911711	0	0	23.4937
239	121.2055064	31.2911748	0	0	23.4387
240	121.2055081	31.2911781	0	0	23.3948
241	121.2055097	31.2911811	0	0	23.3728
242	121.2055114	31.2911845	0	0	23.3069
243	121.2055132	31.2911881	0	0	23.252
244	121.2055148	31.2911911	0	0	23.208
245	121.2055164	31.2911944	0	0	23.1531
246	121.2055182	31.2911980	0	0	23.0872
247	121.2055196	31.2912006	0	0	23.0322
248	121.2055214	31.2912042	0	0	22.9773
249	121.2055230	31.2912074	0	0	22.9334
250	121.2055246	31.2912106	0	0	22.8675
251	121.2055263	31.2912139	0	0	22.8125
252	121.2055279	31.2912171	0	0	22.7246
253	121.2055295	31.2912202	0	0	22.6367
254	121.2055310	31.2912234	0	0	22.5489
255	121.2055326	31.2912266	0	0	22.472
256	121.2055343	31.2912301	0	0	22.3621
257	121.2055357	31.2912329	0	0	22.2852
258	121.2055373	31.2912361	0	0	22.1973
259	121.2055388	31.2912392	0	0	22.1204
260	121.2055403	31.2912423	0	0	22.0215
261	121.2055418	31.2912455	0	0	21.9446
262	121.2055433	31.2912486	0	0	21.8567
263	121.2055448	31.2912517	0	0	21.7689
264	121.2055462	31.2912547	0	0	21.692
265	121.2055477	31.2912578	0	0	21.626
266	121.2055492	31.2912612	0	0	21.5381
267	121.2055507	31.2912642	0	0	21.4612
268	121.2055521	31.2912672	0	0	21.3953
269	121.2055534	31.2912700	0	0	21.3184
270	121.2055548	31.2912730	0	0	21.2415
271	121.2055563	31.2912763	0	0	21.1427
272	121.2055576	31.2912790	0	0	21.0548
273	121.2055591	31.2912823	0	0	20.9449
274	121.2055603	31.2912849	0	0	20.857
275	121.2055618	31.2912882	0	0	20.7472
276	121.2055630	31.2912909	0	0	20.6593
277	121.2055642	31.2912938	0	0	20.5604
278	121.2055657	31.2912970	0	0	20.4505
279	121.2055670	31.2913000	0	0	20.3517
280	121.2055683	31.2913029	0	0	20.2528
281	121.2055694	31.2913055	0	0	20.1539
282	121.2055706	31.2913084	0	0	20.077
283	121.2055719	31.2913113	0	0	19.9781
284	121.2055731	31.2913142	0	0	19.8902
285	121.2055744	31.2913171	0	0	19.7914
286	121.2055756	31.2913200	0	0	19.7035
287	121.2055769	31.2913228	0	0	19.6156
288	121.2055781	31.2913257	0	0	19.5387
289	121.2055792	31.2913285	0	0	19.4508
290	121.2055804	31.2913314	0	0	19.3739
291	121.2055816	31.2913342	0	0	19.319
292	121.2055828	31.2913371	0	0	19.264
293	121.2055840	31.2913399	0	0	19.2201
294	121.2055852	31.2913427	0	0	19.1762
295	121.2055864	31.2913457	0	0	19.1322
296	121.2055875	31.2913482	0	0	19.0883
297	121.2055888	31.2913515	0	0	19.0443
298	121.2055897	31.2913537	0	0	19.0224
299	121.2055910	31.2913568	0	0	18.9784
300	121.2055921	31.2913595	0	0	18.9455
301	121.2055932	31.2913621	0	0	18.9125
302	121.2055944	31.2913651	0	0	18.8686
303	121.2055955	31.2913677	0	0	18.8356
304	121.2055966	31.2913704	0	0	18.8026
305	121.2055977	31.2913732	0	0	18.7697
306	121.2055989	31.2913760	0	0	18.7257
307	121.2056000	31.2913787	0	0	18.6818
308	121.2056011	31.2913814	0	0	18.6488
309	121.2056022	31.2913842	0	0	18.6159
310	121.2056036	31.2913874	0	0	18.5829
311	121.2056048	31.2913904	0	0	18.55
312	121.2056056	31.2913926	0	0	18.528
313	121.2056066	31.2913950	0	0	18.495
314	121.2056077	31.2913976	0	0	18.4511
315	121.2056087	31.2914003	0	0	18.4071
316	121.2056099	31.2914032	0	0	18.3852
317	121.2056108	31.2914056	0	0	18.3522
318	121.2056119	31.2914083	0	0	18.3083
319	121.2056131	31.2914111	0	0	18.2863
320	121.2056141	31.2914137	0	0	18.2533
321	121.2056150	31.2914161	0	0	18.2314
322	121.2056160	31.2914186	0	0	18.1984
323	121.2056170	31.2914212	0	0	18.1874
324	121.2056180	31.2914238	0	0	18.1545
325	121.2056189	31.2914263	0	0	18.1105
326	121.2056200	31.2914290	0	0	18.0885
327	121.2056209	31.2914313	0	0	18.0666
328	121.2056219	31.2914338	0	0	18.0226
329	121.2056227	31.2914360	0	0	18.0007
330	121.2056238	31.2914387	0	0	17.9677
331	121.2056247	31.2914412	0	0	17.9347
332	121.2056257	31.2914436	0	0	17.9128
333	121.2056266	31.2914460	0	0	17.8688
334	121.2056275	31.2914484	0	0	17.8359
335	121.2056284	31.2914509	0	0	17.8029
336	121.2056294	31.2914535	0	0	17.748
337	121.2056305	31.2914563	0	0	17.693
338	121.2056313	31.2914584	0	0	17.6601
339	121.2056320	31.2914604	0	0	17.6271
340	121.2056329	31.2914627	0	0	17.5942
341	121.2056339	31.2914653	0	0	17.5502
342	121.2056348	31.2914676	0	0	17.5063
343	121.2056357	31.2914700	0	0	17.4623
344	121.2056365	31.2914721	0	0	17.4294
345	121.2056374	31.2914743	0	0	17.3854
346	121.2056382	31.2914766	0	0	17.3305
347	121.2056393	31.2914796	0	0	17.2756
348	121.2056399	31.2914812	0	0	17.2316
349	121.2056408	31.2914836	0	0	17.1767
350	121.2056416	31.2914857	0	0	17.1437
351	121.2056425	31.2914883	0	0	17.0778
352	121.2056433	31.2914903	0	0	17.0229
353	121.2056440	31.2914923	0	0	16.979
354	121.2056448	31.2914945	0	0	16.924
355	121.2056457	31.2914970	0	0	16.8581
356	121.2056464	31.2914990	0	0	16.8252
357	121.2056473	31.2915014	0	0	16.7812
358	121.2056480	31.2915034	0	0	16.7263
359	121.2056488	31.2915055	0	0	16.6714
360	121.2056495	31.2915075	0	0	16.6054
361	121.2056504	31.2915101	0	0	16.5066
362	121.2056511	31.2915121	0	0	16.4516
363	121.2056519	31.2915142	0	0	16.3967
364	121.2056526	31.2915164	0	0	16.3308
365	121.2056534	31.2915186	0	0	16.2649
366	121.2056542	31.2915207	0	0	16.155
367	121.2056549	31.2915228	0	0	15.9682
368	121.2056556	31.2915249	0	0	15.7156
369	121.2056563	31.2915270	0	0	15.342
370	121.2056571	31.2915294	0	0	14.7488
371	121.2056576	31.2915310	0	0	14.3203
372	121.2056582	31.2915330	0	0	13.826
373	121.2056587	31.2915349	0	0	13.4525
374	121.2056593	31.2915367	0	0	13.2108
375	121.2056598	31.2915385	0	0	13.1009
376	121.2056602	31.2915401	0	0	13.1009
377	121.2056607	31.2915417	0	0	13.1668
378	121.2056611	31.2915431	0	0	13.2327
379	121.2056614	31.2915446	0	0	13.2767
380	121.2056617	31.2915457	0	0	13.3096
381	121.2056620	31.2915468	0	0	13.3536
382	121.2056623	31.2915478	0	0	13.3865
383	121.2056627	31.2915495	0	0	13.4415
384	121.2056630	31.2915505	0	0	13.4744
385	121.2056633	31.2915514	0	0	13.5074
386	121.2056635	31.2915524	0	0	13.4964
387	121.2056638	31.2915534	0	0	13.3646
