0	121.2055145	31.2912619	0	0	202.829
1	121.2055140	31.2912610	0	0	203.279
2	121.2055135	31.2912601	0	0	203.708
3	121.2055130	31.2912591	0	0	204.07
4	121.2055123	31.2912579	0	0	204.455
5	121.2055115	31.2912564	0	0	204.784
6	121.2055107	31.2912548	0	0	204.96
7	121.2055098	31.2912532	0	0	204.872
8	121.2055089	31.2912515	0	0	204.664
9	121.2055083	31.2912505	0	0	204.455
10	121.2055078	31.2912496	0	0	204.312
11	121.2055074	31.2912487	0	0	204.202
12	121.2055068	31.2912477	0	0	204.092
13	121.2055064	31.2912468	0	0	204.015
14	121.2055058	31.2912458	0	0	203.993
15	121.2055052	31.2912447	0	0	204.015
16	121.2055047	31.2912437	0	0	204.048
17	121.2055042	31.2912427	0	0	204.081
18	121.2055037	31.2912417	0	0	204.125
19	121.2055030	31.2912405	0	0	204.169
20	121.2055025	31.2912395	0	0	204.202
21	121.2055019	31.2912384	0	0	204.235
22	121.2055012	31.2912372	0	0	204.29
23	121.2055006	31.2912359	0	0	204.334
24	121.2054998	31.2912346	0	0	204.367
25	121.2054993	31.2912335	0	0	204.378
26	121.2054986	31.2912323	0	0	204.389
27	121.2054981	31.2912313	0	0	204.389
28	121.2054974	31.2912300	0	0	204.4
29	121.2054967	31.2912287	0	0	204.4
30	121.2054959	31.2912272	0	0	204.411
31	121.2054952	31.2912260	0	0	204.411
32	121.2054946	31.2912248	0	0	204.411
33	121.2054940	31.2912237	0	0	204.411
34	121.2054930	31.2912218	0	0	204.411
35	121.2054922	31.2912203	0	0	204.4
36	121.2054914	31.2912190	0	0	204.4
37	121.2054906	31.2912174	0	0	204.411
38	121.2054898	31.2912160	0	0	204.4
39	121.2054889	31.2912143	0	0	204.411
40	121.2054880	31.2912127	0	0	204.422
41	121.2054871	31.2912110	0	0	204.422
42	121.2054863	31.2912093	0	0	204.433
43	121.2054853	31.2912075	0	0	204.444
44	121.2054843	31.2912058	0	0	204.444
45	121.2054834	31.2912040	0	0	204.455
46	121.2054826	31.2912024	0	0	204.488
47	121.2054816	31.2912007	0	0	204.499
48	121.2054804	31.2911985	0	0	204.521
49	121.2054797	31.2911971	0	0	204.532
50	121.2054786	31.2911951	0	0	204.554
51	121.2054776	31.2911932	0	0	204.576
52	121.2054769	31.2911919	0	0	204.576
53	121.2054756	31.2911895	0	0	204.587
54	121.2054747	31.2911880	0	0	204.598
55	121.2054736	31.2911858	0	0	204.598
56	121.2054723	31.2911835	0	0	204.62
57	121.2054712	31.2911815	0	0	204.642
58	121.2054704	31.2911799	0	0	204.631
59	121.2054692	31.2911776	0	0	204.631
60	121.2054680	31.2911756	0	0	204.664
61	121.2054670	31.2911737	0	0	204.697
62	121.2054658	31.2911715	0	0	204.718
63	121.2054647	31.2911694	0	0	204.729
64	121.2054635	31.2911673	0	0	204.751
65	121.2054624	31.2911653	0	0	204.762
66	121.2054613	31.2911632	0	0	204.762
67	121.2054601	31.2911611	0	0	204.773
68	121.2054591	31.2911592	0	0	204.784
69	121.2054578	31.2911569	0	0	204.795
70	121.2054568	31.2911550	0	0	204.806
71	121.2054555	31.2911526	0	0	204.817
72	121.2054544	31.2911507	0	0	204.817
73	121.2054531	31.2911483	0	0	204.817
74	121.2054519	31.2911462	0	0	204.839
75	121.2054508	31.2911440	0	0	204.839
76	121.2054495	31.2911416	0	0	204.85
77	121.2054483	31.2911394	0	0	204.872
78	121.2054472	31.2911375	0	0	204.883
79	121.2054461	31.2911355	0	0	204.894
80	121.2054449	31.2911333	0	0	204.905
81	121.2054437	31.2911310	0	0	204.905
82	121.2054423	31.2911286	0	0	204.949
83	121.2054412	31.2911265	0	0	204.982
84	121.2054398	31.2911241	0	0	205.026
85	121.2054384	31.2911216	0	0	205.026
86	121.2054373	31.2911195	0	0	205.026
87	121.2054360	31.2911172	0	0	205.037
88	121.2054347	31.2911148	0	0	205.048
89	121.2054335	31.2911127	0	0	205.037
90	121.2054324	31.2911107	0	0	205.048
91	121.2054311	31.2911083	0	0	205.07
92	121.2054298	31.2911060	0	0	205.092
93	121.2054286	31.2911038	0	0	205.114
94	121.2054274	31.2911016	0	0	205.136
95	121.2054261	31.2910994	0	0	205.125
96	121.2054250	31.2910974	0	0	205.114
97	121.2054236	31.2910949	0	0	205.125
98	121.2054224	31.2910927	0	0	205.136
99	121.2054213	31.2910907	0	0	205.125
100	121.2054199	31.2910883	0	0	205.136
101	121.2054188	31.2910863	0	0	205.136
102	121.2054176	31.2910841	0	0	205.147
103	121.2054164	31.2910819	0	0	205.158
104	121.2054151	31.2910797	0	0	205.158
105	121.2054139	31.2910775	0	0	205.169
106	121.2054126	31.2910751	0	0	205.169
107	121.2054114	31.2910731	0	0	205.169
108	121.2054101	31.2910707	0	0	205.18
109	121.2054090	31.2910687	0	0	205.191
110	121.2054077	31.2910664	0	0	205.191
111	121.2054064	31.2910641	0	0	205.18
112	121.2054054	31.2910622	0	0	205.169
113	121.2054041	31.2910600	0	0	205.158
114	121.2054029	31.2910579	0	0	205.158
115	121.2054016	31.2910555	0	0	205.125
116	121.2054005	31.2910536	0	0	205.114
117	121.2053993	31.2910514	0	0	205.092
118	121.2053980	31.2910491	0	0	205.059
119	121.2053970	31.2910472	0	0	205.015
120	121.2053957	31.2910449	0	0	204.96
121	121.2053945	31.2910428	0	0	204.916
122	121.2053933	31.2910405	0	0	204.872
123	121.2053922	31.2910386	0	0	204.828
124	121.2053912	31.2910367	0	0	204.784
125	121.2053899	31.2910345	0	0	204.74
126	121.2053887	31.2910322	0	0	204.697
127	121.2053878	31.2910305	0	0	204.653
128	121.2053868	31.2910287	0	0	204.587
129	121.2053853	31.2910260	0	0	204.477
130	121.2053845	31.2910244	0	0	204.4
131	121.2053830	31.2910218	0	0	204.268
132	121.2053823	31.2910203	0	0	204.191
133	121.2053813	31.2910185	0	0	204.081
134	121.2053800	31.2910161	0	0	203.884
135	121.2053790	31.2910141	0	0	203.719
136	121.2053780	31.2910121	0	0	203.521
137	121.2053770	31.2910103	0	0	203.312
138	121.2053760	31.2910084	0	0	203.049
139	121.2053750	31.2910064	0	0	202.785
140	121.2053740	31.2910044	0	0	202.51
141	121.2053730	31.2910022	0	0	202.192
142	121.2053718	31.2909999	0	0	201.818
143	121.2053709	31.2909979	0	0	201.522
144	121.2053699	31.2909960	0	0	201.159
145	121.2053692	31.2909944	0	0	200.84
146	121.2053683	31.2909924	0	0	200.467
147	121.2053672	31.2909897	0	0	199.808
148	121.2053666	31.2909884	0	0	199.522
149	121.2053658	31.2909864	0	0	198.984
150	121.2053650	31.2909845	0	0	198.456
151	121.2053643	31.2909828	0	0	197.951
152	121.2053634	31.2909805	0	0	197.281
153	121.2053628	31.2909787	0	0	196.765
154	121.2053622	31.2909769	0	0	196.248
155	121.2053615	31.2909750	0	0	195.666
156	121.2053608	31.2909728	0	0	195.029
157	121.2053602	31.2909710	0	0	194.501
158	121.2053596	31.2909689	0	0	193.831
159	121.2053591	31.2909673	0	0	193.282
160	121.2053584	31.2909647	0	0	192.502
161	121.2053580	31.2909631	0	0	191.953
162	121.2053575	31.2909611	0	0	191.294
163	121.2053570	31.2909591	0	0	190.481
164	121.2053566	31.2909572	0	0	189.701
165	121.2053561	31.2909550	0	0	188.8
166	121.2053558	31.2909532	0	0	188.042
167	121.2053555	31.2909511	0	0	187.053
168	121.2053552	31.2909494	0	0	186.207
169	121.2053549	31.2909472	0	0	185.174
170	121.2053548	31.2909455	0	0	184.339
171	121.2053546	31.2909434	0	0	183.318
172	121.2053544	31.2909414	0	0	182.384
173	121.2053544	31.2909397	0	0	181.527
174	121.2053543	31.2909377	0	0	180.549
175	121.2053543	31.2909356	0	0	179.473
176	121.2053543	31.2909336	0	0	178.484
177	121.2053543	31.2909319	0	0	177.605
178	121.2053544	31.2909297	0	0	176.518
179	121.2053546	31.2909278	0	0	175.518
180	121.2053547	31.2909260	0	0	174.628
181	121.2053550	31.2909240	0	0	173.617
182	121.2053552	31.2909219	0	0	172.519
183	121.2053556	31.2909200	0	0	171.497
184	121.2053559	31.2909180	0	0	170.431
185	121.2053563	31.2909162	0	0	169.454
186	121.2053567	31.2909142	0	0	168.355
187	121.2053572	31.2909122	0	0	167.223
188	121.2053577	31.2909104	0	0	166.202
189	121.2053583	31.2909082	0	0	164.96
190	121.2053589	31.2909062	0	0	163.818
191	121.2053596	31.2909044	0	0	162.785
192	121.2053605	31.2909018	0	0	161.28
193	121.2053612	31.2909002	0	0	160.324
194	121.2053620	31.2908982	0	0	159.149
195	121.2053629	31.2908960	0	0	157.896
196	121.2053638	31.2908942	0	0	156.842
197	121.2053647	31.2908923	0	0	155.787
198	121.2053658	31.2908903	0	0	154.502
199	121.2053669	31.2908884	0	0	153.304
200	121.2053681	31.2908863	0	0	151.997
201	121.2053692	31.2908846	0	0	150.942
202	121.2053705	31.2908825	0	0	149.624
203	121.2053718	31.2908806	0	0	148.415
204	121.2053732	31.2908787	0	0	147.207
205	121.2053746	31.2908768	0	0	146.01
206	121.2053759	31.2908751	0	0	144.933
207	121.2053777	31.2908729	0	0	143.56
208	121.2053789	31.2908715	0	0	142.835
209	121.2053807	31.2908696	0	0	141.725
210	121.2053823	31.2908678	0	0	140.604
211	121.2053839	31.2908662	0	0	139.704
212	121.2053859	31.2908641	0	0	138.517
213	121.2053875	31.2908625	0	0	137.627
214	121.2053891	31.2908610	0	0	136.836
215	121.2053910	31.2908592	0	0	135.672
216	121.2053931	31.2908574	0	0	134.518
217	121.2053950	31.2908558	0	0	133.496
218	121.2053970	31.2908542	0	0	132.464
219	121.2053988	31.2908528	0	0	131.541
220	121.2054008	31.2908512	0	0	130.541
221	121.2054029	31.2908497	0	0	129.618
222	121.2054052	31.2908480	0	0	128.674
223	121.2054069	31.2908468	0	0	128.025
224	121.2054095	31.2908451	0	0	127.147
225	121.2054114	31.2908438	0	0	126.542
226	121.2054138	31.2908423	0	0	125.817
227	121.2054160	31.2908408	0	0	125.235
228	121.2054178	31.2908397	0	0	124.84
229	121.2054205	31.2908381	0	0	124.29
230	121.2054227	31.2908368	0	0	123.873
231	121.2054247	31.2908356	0	0	123.543
232	121.2054269	31.2908343	0	0	123.214
233	121.2054291	31.2908330	0	0	122.939
234	121.2054316	31.2908316	0	0	122.73
235	121.2054336	31.2908305	0	0	122.576
236	121.2054363	31.2908290	0	0	122.434
237	121.2054379	31.2908281	0	0	122.39
238	121.2054406	31.2908266	0	0	122.324
239	121.2054429	31.2908253	0	0	122.269
240	121.2054449	31.2908242	0	0	122.258
241	121.2054473	31.2908228	0	0	122.214
242	121.2054494	31.2908217	0	0	122.203
243	121.2054515	31.2908205	0	0	122.192
244	121.2054537	31.2908193	0	0	122.159
245	121.2054563	31.2908179	0	0	122.137
246	121.2054585	31.2908166	0	0	122.148
247	121.2054608	31.2908155	0	0	122.148
248	121.2054630	31.2908142	0	0	122.159
249	121.2054650	31.2908132	0	0	122.159
250	121.2054675	31.2908118	0	0	122.137
251	121.2054708	31.2908100	0	0	122.137
252	121.2054719	31.2908094	0	0	122.115
253	121.2054745	31.2908080	0	0	122.049
254	121.2054770	31.2908067	0	0	122.082
255	121.2054795	31.2908052	0	0	122.082
256	121.2054820	31.2908039	0	0	122.049
257	121.2054849	31.2908024	0	0	122.038
258	121.2054869	31.2908013	0	0	122.027
259	121.2054896	31.2907998	0	0	122.005
260	121.2054923	31.2907983	0	0	121.994
261	121.2054953	31.2907966	0	0	121.983
262	121.2054978	31.2907953	0	0	121.972
263	121.2055009	31.2907936	0	0	121.939
264	121.2055037	31.2907920	0	0	121.906
265	121.2055061	31.2907907	0	0	121.862
266	121.2055096	31.2907888	0	0	121.818
267	121.2055120	31.2907876	0	0	121.785
268	121.2055156	31.2907856	0	0	121.73
269	121.2055186	31.2907840	0	0	121.687
270	121.2055214	31.2907825	0	0	121.654
271	121.2055248	31.2907806	0	0	121.588
272	121.2055276	31.2907791	0	0	121.544
273	121.2055311	31.2907773	0	0	121.489
274	121.2055347	31.2907754	0	0	121.445
275	121.2055382	31.2907734	0	0	121.412
276	121.2055405	31.2907722	0	0	121.39
277	121.2055445	31.2907701	0	0	121.346
278	121.2055475	31.2907685	0	0	121.335
279	121.2055510	31.2907667	0	0	121.302
280	121.2055544	31.2907649	0	0	121.291
281	121.2055571	31.2907634	0	0	121.302
282	121.2055620	31.2907608	0	0	121.346
283	121.2055648	31.2907593	0	0	121.401
284	121.2055680	31.2907576	0	0	121.5
285	121.2055719	31.2907555	0	0	121.599
286	121.2055751	31.2907538	0	0	121.676
287	121.2055791	31.2907517	0	0	121.763
288	121.2055820	31.2907501	0	0	121.84
289	121.2055864	31.2907477	0	0	121.95
290	121.2055901	31.2907457	0	0	122.049
291	121.2055930	31.2907440	0	0	122.126
292	121.2055975	31.2907416	0	0	122.192
293	121.2056008	31.2907397	0	0	122.225
294	121.2056049	31.2907375	0	0	122.28
295	121.2056086	31.2907354	0	0	122.302
296	121.2056123	31.2907334	0	0	122.324
297	121.2056167	31.2907310	0	0	122.357
298	121.2056200	31.2907291	0	0	122.39
299	121.2056233	31.2907273	0	0	122.445
300	121.2056266	31.2907255	0	0	122.499
301	121.2056307	31.2907232	0	0	122.554
302	121.2056340	31.2907214	0	0	122.62
303	121.2056377	31.2907193	0	0	122.686
304	121.2056414	31.2907172	0	0	122.752
305	121.2056451	31.2907152	0	0	122.818
306	121.2056492	31.2907129	0	0	122.895
307	121.2056534	31.2907105	0	0	122.917
308	121.2056563	31.2907088	0	0	122.917
309	121.2056608	31.2907063	0	0	122.928
310	121.2056638	31.2907046	0	0	122.95
311	121.2056679	31.2907023	0	0	122.939
312	121.2056721	31.2906999	0	0	122.917
313	121.2056755	31.2906980	0	0	122.884
314	121.2056793	31.2906959	0	0	122.851
315	121.2056835	31.2906935	0	0	122.785
316	121.2056869	31.2906916	0	0	122.741
317	121.2056907	31.2906894	0	0	122.708
318	121.2056949	31.2906870	0	0	122.664
319	121.2056984	31.2906851	0	0	122.642
320	121.2057019	31.2906831	0	0	122.631
321	121.2057065	31.2906806	0	0	122.609
322	121.2057108	31.2906782	0	0	122.609
323	121.2057136	31.2906767	0	0	122.609
324	121.2057175	31.2906745	0	0	122.598
325	121.2057218	31.2906721	0	0	122.554
326	121.2057257	31.2906699	0	0	122.532
327	121.2057298	31.2906677	0	0	122.478
328	121.2057337	31.2906655	0	0	122.445
329	121.2057377	31.2906633	0	0	122.423
330	121.2057425	31.2906607	0	0	122.412
331	121.2057458	31.2906589	0	0	122.39
332	121.2057498	31.2906567	0	0	122.39
333	121.2057539	31.2906545	0	0	122.368
334	121.2057580	31.2906522	0	0	122.335
335	121.2057625	31.2906498	0	0	122.302
336	121.2057661	31.2906477	0	0	122.291
337	121.2057719	31.2906445	0	0	122.258
338	121.2057748	31.2906430	0	0	122.236
339	121.2057786	31.2906409	0	0	122.225
340	121.2057823	31.2906388	0	0	122.214
341	121.2057870	31.2906363	0	0	122.181
342	121.2057915	31.2906338	0	0	122.148
343	121.2057949	31.2906319	0	0	122.148
344	121.2057996	31.2906294	0	0	122.148
345	121.2058047	31.2906265	0	0	122.148
346	121.2058081	31.2906247	0	0	122.137
347	121.2058132	31.2906218	0	0	122.137
348	121.2058171	31.2906197	0	0	122.126
349	121.2058227	31.2906166	0	0	122.115
350	121.2058266	31.2906145	0	0	122.126
351	121.2058292	31.2906130	0	0	122.126
352	121.2058340	31.2906104	0	0	122.137
353	121.2058388	31.2906077	0	0	122.159
354	121.2058428	31.2906055	0	0	122.181
355	121.2058471	31.2906031	0	0	122.214
356	121.2058511	31.2906009	0	0	122.214
357	121.2058555	31.2905984	0	0	122.236
358	121.2058599	31.2905960	0	0	122.247
359	121.2058653	31.2905930	0	0	122.247
360	121.2058688	31.2905911	0	0	122.236
361	121.2058733	31.2905886	0	0	122.236
362	121.2058782	31.2905859	0	0	122.258
363	121.2058827	31.2905833	0	0	122.269
364	121.2058872	31.2905808	0	0	122.269
365	121.2058916	31.2905783	0	0	122.28
366	121.2058961	31.2905758	0	0	122.225
367	121.2059006	31.2905733	0	0	122.148
368	121.2059051	31.2905709	0	0	122.082
369	121.2059096	31.2905683	0	0	122.071
370	121.2059141	31.2905659	0	0	122.016
371	121.2059186	31.2905634	0	0	121.961
372	121.2059231	31.2905610	0	0	121.906
373	121.2059271	31.2905588	0	0	121.884
374	121.2059320	31.2905561	0	0	121.862
375	121.2059365	31.2905536	0	0	121.84
376	121.2059409	31.2905512	0	0	121.829
377	121.2059459	31.2905485	0	0	121.829
378	121.2059507	31.2905459	0	0	121.818
379	121.2059548	31.2905437	0	0	121.829
380	121.2059592	31.2905413	0	0	121.851
381	121.2059627	31.2905394	0	0	121.873
382	121.2059671	31.2905370	0	0	121.906
383	121.2059718	31.2905344	0	0	121.939
384	121.2059762	31.2905321	0	0	121.983
385	121.2059805	31.2905297	0	0	122.027
386	121.2059847	31.2905274	0	0	122.071
387	121.2059890	31.2905250	0	0	122.104
388	121.2059941	31.2905222	0	0	122.137
389	121.2059979	31.2905201	0	0	122.181
390	121.2060017	31.2905180	0	0	122.192
391	121.2060055	31.2905159	0	0	122.203
392	121.2060101	31.2905134	0	0	122.214
393	121.2060143	31.2905111	0	0	122.236
394	121.2060189	31.2905085	0	0	122.269
395	121.2060231	31.2905062	0	0	122.28
396	121.2060264	31.2905044	0	0	122.302
397	121.2060309	31.2905019	0	0	122.346
398	121.2060350	31.2904996	0	0	122.346
399	121.2060391	31.2904974	0	0	122.335
400	121.2060436	31.2904949	0	0	122.335
401	121.2060460	31.2904935	0	0	122.335
402	121.2060513	31.2904906	0	0	122.313
403	121.2060556	31.2904881	0	0	122.28
404	121.2060602	31.2904856	0	0	122.258
405	121.2060649	31.2904832	0	0	122.236
406	121.2060685	31.2904812	0	0	122.214
407	121.2060730	31.2904787	0	0	122.203
408	121.2060766	31.2904768	0	0	122.214
409	121.2060806	31.2904746	0	0	122.236
410	121.2060841	31.2904726	0	0	122.247
411	121.2060885	31.2904702	0	0	122.269
412	121.2060924	31.2904680	0	0	122.291
413	121.2060963	31.2904659	0	0	122.302
414	121.2061006	31.2904635	0	0	122.302
415	121.2061030	31.2904622	0	0	122.302
416	121.2061084	31.2904592	0	0	122.313
417	121.2061123	31.2904571	0	0	122.324
418	121.2061157	31.2904552	0	0	122.313
419	121.2061196	31.2904530	0	0	122.313
420	121.2061249	31.2904501	0	0	122.302
421	121.2061276	31.2904486	0	0	122.291
422	121.2061310	31.2904467	0	0	122.291
423	121.2061347	31.2904446	0	0	122.28
424	121.2061385	31.2904425	0	0	122.28
425	121.2061422	31.2904404	0	0	122.269
426	121.2061455	31.2904386	0	0	122.247
427	121.2061474	31.2904375	0	0	122.236
428	121.2061530	31.2904345	0	0	122.192
429	121.2061566	31.2904324	0	0	122.115
430	121.2061614	31.2904298	0	0	122.005
431	121.2061639	31.2904284	0	0	121.961
432	121.2061676	31.2904264	0	0	121.917
433	121.2061705	31.2904248	0	0	121.884
434	121.2061752	31.2904223	0	0	121.829
435	121.2061787	31.2904203	0	0	121.785
436	121.2061823	31.2904183	0	0	121.774
437	121.2061856	31.2904166	0	0	121.741
438	121.2061891	31.2904147	0	0	121.698
439	121.2061930	31.2904126	0	0	121.665
440	121.2061965	31.2904107	0	0	121.621
441	121.2062000	31.2904088	0	0	121.588
442	121.2062031	31.2904071	0	0	121.566
443	121.2062069	31.2904051	0	0	121.522
444	121.2062097	31.2904036	0	0	121.456
445	121.2062141	31.2904013	0	0	121.335
446	121.2062172	31.2903997	0	0	121.258
447	121.2062206	31.2903979	0	0	121.181
448	121.2062240	31.2903961	0	0	121.115
449	121.2062273	31.2903943	0	0	121.049
450	121.2062307	31.2903926	0	0	120.972
451	121.2062330	31.2903914	0	0	120.928
452	121.2062373	31.2903891	0	0	120.841
453	121.2062406	31.2903874	0	0	120.764
454	121.2062439	31.2903857	0	0	120.698
455	121.2062472	31.2903840	0	0	120.632
456	121.2062501	31.2903825	0	0	120.566
457	121.2062536	31.2903807	0	0	120.467
458	121.2062574	31.2903787	0	0	120.423
459	121.2062602	31.2903772	0	0	120.335
460	121.2062631	31.2903758	0	0	120.302
461	121.2062660	31.2903744	0	0	120.269
462	121.2062694	31.2903726	0	0	120.181
463	121.2062730	31.2903709	0	0	120.127
464	121.2062761	31.2903693	0	0	120.083
465	121.2062794	31.2903675	0	0	119.94
466	121.2062815	31.2903664	0	0	119.863
467	121.2062849	31.2903648	0	0	119.918
468	121.2062882	31.2903631	0	0	119.687
469	121.2062906	31.2903619	0	0	119.555
470	121.2062936	31.2903604	0	0	119.478
471	121.2062969	31.2903589	0	0	119.325
472	121.2062999	31.2903574	0	0	119.083
473	121.2063026	31.2903561	0	0	118.896
474	121.2063055	31.2903546	0	0	118.632
475	121.2063087	31.2903531	0	0	118.248
476	121.2063114	31.2903519	0	0	117.918
477	121.2063143	31.2903505	0	0	117.512
478	121.2063175	31.2903491	0	0	117.006
479	121.2063201	31.2903479	0	0	116.578
480	121.2063227	31.2903468	0	0	116.205
481	121.2063262	31.2903453	0	0	115.578
482	121.2063291	31.2903441	0	0	115.062
483	121.2063317	31.2903430	0	0	114.546
484	121.2063345	31.2903419	0	0	113.864
485	121.2063376	31.2903407	0	0	113.019
486	121.2063404	31.2903397	0	0	112.151
487	121.2063430	31.2903388	0	0	111.272
488	121.2063458	31.2903378	0	0	110.261
489	121.2063488	31.2903369	0	0	109.151
490	121.2063516	31.2903361	0	0	108.174
491	121.2063541	31.2903354	0	0	107.306
492	121.2063569	31.2903346	0	0	106.328
493	121.2063599	31.2903339	0	0	105.262
494	121.2063626	31.2903332	0	0	104.296
495	121.2063654	31.2903326	0	0	103.34
496	121.2063678	31.2903321	0	0	102.516
497	121.2063706	31.2903316	0	0	101.527
498	121.2063732	31.2903311	0	0	100.506
499	121.2063762	31.2903307	0	0	99.352
500	121.2063786	31.2903303	0	0	98.4731
501	121.2063815	31.2903299	0	0	97.0889
502	121.2063839	31.2903297	0	0	96.0452
503	121.2063866	31.2903295	0	0	94.8807
504	121.2063893	31.2903293	0	0	93.7162
505	121.2063920	31.2903291	0	0	92.5626
506	121.2063946	31.2903290	0	0	91.3981
507	121.2063973	31.2903290	0	0	90.2556
508	121.2063999	31.2903289	0	0	89.0911
509	121.2064028	31.2903290	0	0	87.8606
510	121.2064054	31.2903291	0	0	86.817
511	121.2064077	31.2903292	0	0	85.8502
512	121.2064104	31.2903293	0	0	84.7296
513	121.2064130	31.2903296	0	0	83.631
514	121.2064157	31.2903298	0	0	82.5544
515	121.2064184	31.2903301	0	0	81.4228
516	121.2064212	31.2903305	0	0	80.2693
517	121.2064240	31.2903309	0	0	79.1597
518	121.2064267	31.2903313	0	0	78.0282
519	121.2064295	31.2903318	0	0	76.8746
520	121.2064322	31.2903324	0	0	75.7431
521	121.2064352	31.2903330	0	0	74.4907
522	121.2064377	31.2903336	0	0	73.436
523	121.2064404	31.2903343	0	0	72.2715
524	121.2064432	31.2903351	0	0	71.118
525	121.2064459	31.2903358	0	0	69.9425
526	121.2064486	31.2903367	0	0	68.767
527	121.2064513	31.2903376	0	0	67.6024
528	121.2064539	31.2903385	0	0	66.4269
529	121.2064568	31.2903396	0	0	65.1306
530	121.2064592	31.2903405	0	0	64.0979
531	121.2064617	31.2903416	0	0	62.9554
532	121.2064643	31.2903427	0	0	61.7909
533	121.2064669	31.2903439	0	0	60.6154
534	121.2064695	31.2903451	0	0	59.4289
535	121.2064721	31.2903464	0	0	58.2204
536	121.2064746	31.2903478	0	0	57.001
537	121.2064772	31.2903492	0	0	55.7815
538	121.2064797	31.2903507	0	0	54.5511
539	121.2064823	31.2903522	0	0	53.3097
540	121.2064850	31.2903540	0	0	51.9364
541	121.2064872	31.2903554	0	0	50.8158
542	121.2064897	31.2903571	0	0	49.5744
543	121.2064921	31.2903588	0	0	48.366
544	121.2064945	31.2903606	0	0	47.2014
545	121.2064971	31.2903627	0	0	45.9381
546	121.2064994	31.2903646	0	0	44.8065
547	121.2065015	31.2903664	0	0	43.7958
548	121.2065038	31.2903685	0	0	42.6752
549	121.2065062	31.2903708	0	0	41.4668
550	121.2065084	31.2903729	0	0	40.4231
551	121.2065107	31.2903752	0	0	39.4234
552	121.2065126	31.2903773	0	0	38.5664
553	121.2065148	31.2903795	0	0	37.6986
554	121.2065169	31.2903819	0	0	36.9076
555	121.2065190	31.2903843	0	0	36.1715
556	121.2065211	31.2903867	0	0	35.4904
557	121.2065231	31.2903891	0	0	34.8532
558	121.2065251	31.2903915	0	0	34.249
559	121.2065273	31.2903943	0	0	33.6337
560	121.2065293	31.2903968	0	0	33.1174
561	121.2065312	31.2903993	0	0	32.678
562	121.2065330	31.2904016	0	0	32.3264
563	121.2065351	31.2904045	0	0	31.9529
564	121.2065368	31.2904069	0	0	31.6782
565	121.2065388	31.2904096	0	0	31.4036
566	121.2065409	31.2904125	0	0	31.1179
567	121.2065428	31.2904152	0	0	30.8543
568	121.2065447	31.2904179	0	0	30.5906
569	121.2065464	31.2904204	0	0	30.3489
570	121.2065485	31.2904233	0	0	30.0633
571	121.2065502	31.2904258	0	0	29.8655
572	121.2065520	31.2904285	0	0	29.7007
573	121.2065539	31.2904313	0	0	29.5469
574	121.2065558	31.2904341	0	0	29.3931
575	121.2065579	31.2904372	0	0	29.2283
576	121.2065596	31.2904397	0	0	29.1185
577	121.2065614	31.2904426	0	0	28.9976
578	121.2065635	31.2904457	0	0	28.8878
579	121.2065651	31.2904483	0	0	28.8219
580	121.2065671	31.2904514	0	0	28.7889
581	121.2065690	31.2904543	0	0	28.745
582	121.2065707	31.2904569	0	0	28.712
583	121.2065728	31.2904601	0	0	28.6681
584	121.2065745	31.2904627	0	0	28.6571
585	121.2065764	31.2904657	0	0	28.6681
586	121.2065783	31.2904686	0	0	28.69
587	121.2065802	31.2904715	0	0	28.701
588	121.2065821	31.2904744	0	0	28.723
589	121.2065841	31.2904776	0	0	28.7669
590	121.2065860	31.2904805	0	0	28.8109
591	121.2065879	31.2904834	0	0	28.8219
592	121.2065898	31.2904863	0	0	28.8109
593	121.2065915	31.2904889	0	0	28.8438
594	121.2065936	31.2904921	0	0	28.8768
595	121.2065955	31.2904950	0	0	28.8988
596	121.2065974	31.2904979	0	0	28.9537
597	121.2065990	31.2905004	0	0	29.0196
598	121.2066011	31.2905036	0	0	29.0636
599	121.2066030	31.2905065	0	0	29.1075
600	121.2066051	31.2905097	0	0	29.1734
601	121.2066066	31.2905119	0	0	29.2064
602	121.2066085	31.2905148	0	0	29.2723
603	121.2066103	31.2905176	0	0	29.2943
604	121.2066124	31.2905207	0	0	29.2174
605	121.2066142	31.2905234	0	0	29.1405
606	121.2066161	31.2905263	0	0	29.0855
607	121.2066180	31.2905293	0	0	29.0745
608	121.2066200	31.2905322	0	0	29.0526
609	121.2066219	31.2905352	0	0	29.0196
610	121.2066241	31.2905386	0	0	28.9867
611	121.2066262	31.2905417	0	0	28.9757
612	121.2066280	31.2905445	0	0	28.9757
613	121.2066302	31.2905479	0	0	28.9867
614	121.2066323	31.2905510	0	0	28.9867
615	121.2066344	31.2905541	0	0	29.0086
616	121.2066364	31.2905573	0	0	29.0526
617	121.2066386	31.2905605	0	0	29.0855
618	121.2066405	31.2905634	0	0	29.1075
619	121.2066428	31.2905669	0	0	29.1514
620	121.2066449	31.2905701	0	0	29.2283
621	121.2066471	31.2905734	0	0	29.3602
622	121.2066493	31.2905767	0	0	29.503
623	121.2066515	31.2905800	0	0	29.6348
624	121.2066537	31.2905833	0	0	29.7886
625	121.2066560	31.2905866	0	0	29.9315
626	121.2066583	31.2905900	0	0	30.0743
627	121.2066606	31.2905933	0	0	30.2171
628	121.2066630	31.2905967	0	0	30.3599
629	121.2066653	31.2906002	0	0	30.4917
630	121.2066678	31.2906036	0	0	30.6016
631	121.2066700	31.2906067	0	0	30.6895
632	121.2066727	31.2906106	0	0	30.7334
633	121.2066752	31.2906142	0	0	30.7444
634	121.2066777	31.2906178	0	0	30.7554
635	121.2066802	31.2906214	0	0	30.7444
636	121.2066828	31.2906250	0	0	30.7005
637	121.2066854	31.2906286	0	0	30.6455
638	121.2066879	31.2906323	0	0	30.6016
639	121.2066904	31.2906360	0	0	30.5357
640	121.2066933	31.2906400	0	0	30.4698
641	121.2066956	31.2906434	0	0	30.4039
642	121.2066982	31.2906471	0	0	30.3599
643	121.2067007	31.2906509	0	0	30.316
644	121.2067033	31.2906546	0	0	30.25
645	121.2067059	31.2906583	0	0	30.1951
646	121.2067085	31.2906621	0	0	30.1292
647	121.2067111	31.2906658	0	0	30.0633
648	121.2067137	31.2906696	0	0	29.9974
649	121.2067163	31.2906735	0	0	29.9424
650	121.2067189	31.2906773	0	0	29.9095
651	121.2067215	31.2906811	0	0	29.8875
652	121.2067242	31.2906849	0	0	29.8655
653	121.2067268	31.2906888	0	0	29.8546
654	121.2067294	31.2906926	0	0	29.8546
655	121.2067321	31.2906966	0	0	29.7996
656	121.2067347	31.2907005	0	0	29.7447
657	121.2067374	31.2907045	0	0	29.7117
658	121.2067400	31.2907084	0	0	29.7007
659	121.2067427	31.2907123	0	0	29.6788
660	121.2067454	31.2907163	0	0	29.6568
661	121.2067481	31.2907202	0	0	29.6458
662	121.2067508	31.2907242	0	0	29.6238
663	121.2067535	31.2907282	0	0	29.6019
664	121.2067562	31.2907322	0	0	29.5799
665	121.2067589	31.2907363	0	0	29.5579
666	121.2067616	31.2907403	0	0	29.5469
667	121.2067644	31.2907443	0	0	29.525
668	121.2067671	31.2907484	0	0	29.503
669	121.2067696	31.2907521	0	0	29.4481
670	121.2067726	31.2907566	0	0	29.3822
671	121.2067753	31.2907607	0	0	29.3492
672	121.2067781	31.2907648	0	0	29.2943
673	121.2067808	31.2907690	0	0	29.2503
674	121.2067836	31.2907731	0	0	29.1954
675	121.2067863	31.2907773	0	0	29.1075
676	121.2067891	31.2907814	0	0	29.0196
677	121.2067919	31.2907856	0	0	28.9867
678	121.2067946	31.2907898	0	0	28.9537
679	121.2067974	31.2907940	0	0	28.9207
680	121.2068001	31.2907982	0	0	28.8878
681	121.2068029	31.2908024	0	0	28.8878
682	121.2068057	31.2908066	0	0	28.9098
683	121.2068088	31.2908112	0	0	28.9098
684	121.2068118	31.2908159	0	0	28.9317
685	121.2068146	31.2908205	0	0	28.9537
686	121.2068174	31.2908249	0	0	28.9867
687	121.2068206	31.2908296	0	0	29.0526
688	121.2068237	31.2908344	0	0	29.1295
689	121.2068263	31.2908383	0	0	29.2064
690	121.2068284	31.2908414	0	0	29.2613
691	121.2068318	31.2908466	0	0	29.3602
692	121.2068347	31.2908509	0	0	29.4261
693	121.2068376	31.2908553	0	0	29.481
694	121.2068406	31.2908597	0	0	29.525
695	121.2068435	31.2908641	0	0	29.5909
696	121.2068465	31.2908685	0	0	29.6458
697	121.2068495	31.2908729	0	0	29.7007
698	121.2068525	31.2908773	0	0	29.7337
699	121.2068555	31.2908817	0	0	29.7447
700	121.2068584	31.2908861	0	0	29.7557
701	121.2068617	31.2908909	0	0	29.7886
702	121.2068647	31.2908953	0	0	29.8106
703	121.2068674	31.2908993	0	0	29.8106
704	121.2068704	31.2909036	0	0	29.8216
705	121.2068734	31.2909081	0	0	29.8216
706	121.2068764	31.2909124	0	0	29.7996
707	121.2068793	31.2909168	0	0	29.7996
708	121.2068823	31.2909212	0	0	29.8106
709	121.2068853	31.2909256	0	0	29.8216
710	121.2068883	31.2909300	0	0	29.8326
711	121.2068913	31.2909344	0	0	29.8436
712	121.2068943	31.2909388	0	0	29.8655
713	121.2068973	31.2909431	0	0	29.8765
714	121.2069006	31.2909479	0	0	29.9095
715	121.2069030	31.2909514	0	0	29.9205
716	121.2069062	31.2909562	0	0	29.9315
717	121.2069089	31.2909601	0	0	29.9205
718	121.2069121	31.2909649	0	0	29.9095
719	121.2069151	31.2909692	0	0	29.8985
720	121.2069184	31.2909740	0	0	29.8875
721	121.2069207	31.2909774	0	0	29.8655
722	121.2069239	31.2909822	0	0	29.8436
723	121.2069272	31.2909869	0	0	29.8216
724	121.2069298	31.2909908	0	0	29.7996
725	121.2069318	31.2909937	0	0	29.7886
726	121.2069356	31.2909993	0	0	29.7447
727	121.2069385	31.2910036	0	0	29.7117
728	121.2069413	31.2910079	0	0	29.6788
729	121.2069442	31.2910122	0	0	29.6458
730	121.2069471	31.2910164	0	0	29.5799
731	121.2069499	31.2910207	0	0	29.492
732	121.2069528	31.2910249	0	0	29.4041
733	121.2069558	31.2910295	0	0	29.3162
734	121.2069583	31.2910332	0	0	29.2503
735	121.2069613	31.2910379	0	0	29.1844
736	121.2069635	31.2910412	0	0	29.1295
737	121.2069662	31.2910453	0	0	29.0745
738	121.2069691	31.2910497	0	0	28.9976
739	121.2069723	31.2910546	0	0	28.9207
740	121.2069744	31.2910578	0	0	28.8548
741	121.2069770	31.2910619	0	0	28.734
742	121.2069794	31.2910655	0	0	28.6571
743	121.2069824	31.2910702	0	0	28.6241
744	121.2069847	31.2910738	0	0	28.6021
745	121.2069873	31.2910777	0	0	28.5802
746	121.2069898	31.2910815	0	0	28.5472
747	121.2069922	31.2910854	0	0	28.5143
748	121.2069947	31.2910892	0	0	28.5033
749	121.2069975	31.2910934	0	0	28.5252
750	121.2069997	31.2910968	0	0	28.5362
751	121.2070026	31.2911014	0	0	28.5582
752	121.2070045	31.2911044	0	0	28.5802
753	121.2070070	31.2911082	0	0	28.6021
754	121.2070094	31.2911119	0	0	28.6241
755	121.2070118	31.2911155	0	0	28.6461
756	121.2070141	31.2911192	0	0	28.679
757	121.2070163	31.2911224	0	0	28.723
758	121.2070191	31.2911267	0	0	28.7779
759	121.2070208	31.2911291	0	0	28.8219
760	121.2070236	31.2911334	0	0	28.8548
761	121.2070262	31.2911373	0	0	28.8988
762	121.2070282	31.2911404	0	0	28.9317
763	121.2070307	31.2911443	0	0	28.9647
764	121.2070328	31.2911474	0	0	28.9976
765	121.2070353	31.2911512	0	0	29.0306
766	121.2070373	31.2911543	0	0	29.0636
767	121.2070396	31.2911577	0	0	29.0745
768	121.2070418	31.2911610	0	0	29.0745
769	121.2070440	31.2911644	0	0	29.0745
770	121.2070462	31.2911677	0	0	29.0416
771	121.2070484	31.2911710	0	0	29.0086
772	121.2070505	31.2911743	0	0	28.9867
773	121.2070521	31.2911767	0	0	28.9757
774	121.2070548	31.2911809	0	0	28.9317
775	121.2070569	31.2911843	0	0	28.9098
776	121.2070590	31.2911875	0	0	28.8438
777	121.2070610	31.2911906	0	0	28.756
778	121.2070631	31.2911938	0	0	28.734
779	121.2070654	31.2911974	0	0	28.723
780	121.2070673	31.2912002	0	0	28.701
781	121.2070695	31.2912036	0	0	28.723
782	121.2070713	31.2912063	0	0	28.6681
783	121.2070730	31.2912088	0	0	28.6351
784	121.2070754	31.2912124	0	0	28.69
785	121.2070774	31.2912154	0	0	28.6351
786	121.2070794	31.2912184	0	0	28.5362
787	121.2070813	31.2912214	0	0	28.4483
788	121.2070833	31.2912243	0	0	28.3495
789	121.2070852	31.2912274	0	0	28.2506
790	121.2070871	31.2912303	0	0	28.1188
791	121.2070889	31.2912333	0	0	27.932
792	121.2070908	31.2912362	0	0	27.7013
793	121.2070926	31.2912391	0	0	27.4266
794	121.2070944	31.2912420	0	0	27.141
795	121.2070962	31.2912450	0	0	26.8114
796	121.2070979	31.2912479	0	0	26.4159
797	121.2070996	31.2912508	0	0	25.9545
798	121.2071012	31.2912537	0	0	25.4162
799	121.2071029	31.2912565	0	0	24.8559
800	121.2071043	31.2912591	0	0	24.3396
801	121.2071060	31.2912624	0	0	23.6914
802	121.2071075	31.2912653	0	0	23.0872
803	121.2071090	31.2912683	0	0	22.5379
804	121.2071103	31.2912709	0	0	21.8348
805	121.2071118	31.2912742	0	0	20.9888
806	121.2071131	31.2912770	0	0	20.1429
807	121.2071145	31.2912802	0	0	19.0663
808	121.2071156	31.2912828	0	0	18.0776
809	121.2071167	31.2912858	0	0	16.924
810	121.2071177	31.2912887	0	0	15.6387
811	121.2071187	31.2912915	0	0	14.2325
812	121.2071195	31.2912944	0	0	12.7603
813	121.2071203	31.2912973	0	0	11.2443
814	121.2071209	31.2913002	0	0	9.71721
815	121.2071214	31.2913028	0	0	8.34396
816	121.2071220	31.2913060	0	0	6.68508
817	121.2071224	31.2913089	0	0	5.16901
818	121.2071227	31.2913117	0	0	3.609
819	121.2071229	31.2913146	0	0	1.98307
820	121.2071230	31.2913174	0	0	0.313198
821	121.2071230	31.2913202	0	0	358.621
822	121.2071229	31.2913230	0	0	357.061
823	121.2071227	31.2913257	0	0	355.15
824	121.2071224	31.2913284	0	0	353.425
825	121.2071220	31.2913311	0	0	351.689
826	121.2071216	31.2913338	0	0	349.953
827	121.2071210	31.2913364	0	0	348.207
828	121.2071203	31.2913393	0	0	346.262
829	121.2071196	31.2913416	0	0	344.68
830	121.2071189	31.2913439	0	0	343.109
831	121.2071179	31.2913467	0	0	341.154
832	121.2071168	31.2913492	0	0	339.374
833	121.2071157	31.2913518	0	0	337.605
834	121.2071145	31.2913543	0	0	335.825
835	121.2071132	31.2913568	0	0	334.024
836	121.2071117	31.2913592	0	0	332.266
837	121.2071102	31.2913617	0	0	330.563
838	121.2071086	31.2913641	0	0	328.86
839	121.2071070	31.2913664	0	0	327.19
840	121.2071052	31.2913688	0	0	325.543
841	121.2071033	31.2913711	0	0	323.917
842	121.2071014	31.2913734	0	0	322.302
843	121.2070994	31.2913756	0	0	320.72
844	121.2070973	31.2913778	0	0	319.193
845	121.2070951	31.2913799	0	0	317.688
846	121.2070928	31.2913821	0	0	316.226
847	121.2070908	31.2913840	0	0	314.93
848	121.2070881	31.2913862	0	0	313.348
849	121.2070857	31.2913882	0	0	311.931
850	121.2070832	31.2913901	0	0	310.536
851	121.2070806	31.2913920	0	0	309.129
852	121.2070779	31.2913939	0	0	307.745
853	121.2070752	31.2913957	0	0	306.383
854	121.2070724	31.2913974	0	0	305.043
855	121.2070696	31.2913991	0	0	303.735
856	121.2070667	31.2914008	0	0	302.439
857	121.2070637	31.2914024	0	0	301.187
858	121.2070607	31.2914040	0	0	299.989
859	121.2070576	31.2914056	0	0	298.814
860	121.2070545	31.2914070	0	0	297.66
861	121.2070513	31.2914085	0	0	296.496
862	121.2070480	31.2914099	0	0	295.331
863	121.2070447	31.2914113	0	0	294.145
864	121.2070413	31.2914126	0	0	292.991
865	121.2070379	31.2914138	0	0	291.848
866	121.2070344	31.2914150	0	0	290.772
867	121.2070309	31.2914162	0	0	289.761
868	121.2070273	31.2914173	0	0	288.827
869	121.2070236	31.2914183	0	0	287.992
870	121.2070200	31.2914194	0	0	287.223
871	121.2070163	31.2914204	0	0	286.509
872	121.2070125	31.2914214	0	0	285.839
873	121.2070087	31.2914223	0	0	285.213
874	121.2070048	31.2914232	0	0	284.642
875	121.2070009	31.2914241	0	0	284.103
876	121.2069970	31.2914250	0	0	283.576
877	121.2069931	31.2914259	0	0	283.093
878	121.2069891	31.2914267	0	0	282.62
879	121.2069851	31.2914275	0	0	282.137
880	121.2069810	31.2914283	0	0	281.675
881	121.2069770	31.2914290	0	0	281.203
882	121.2069729	31.2914297	0	0	280.72
883	121.2069688	31.2914304	0	0	280.236
884	121.2069646	31.2914311	0	0	279.731
885	121.2069604	31.2914317	0	0	279.237
886	121.2069562	31.2914323	0	0	278.753
887	121.2069519	31.2914329	0	0	278.259
888	121.2069477	31.2914334	0	0	277.775
889	121.2069434	31.2914339	0	0	277.358
890	121.2069392	31.2914344	0	0	276.973
891	121.2069349	31.2914349	0	0	276.567
892	121.2069306	31.2914353	0	0	276.16
893	121.2069264	31.2914357	0	0	275.765
894	121.2069221	31.2914361	0	0	275.369
895	121.2069178	31.2914365	0	0	274.974
896	121.2069135	31.2914369	0	0	274.611
897	121.2069092	31.2914372	0	0	274.304
898	121.2069049	31.2914375	0	0	274.029
899	121.2069007	31.2914378	0	0	273.765
900	121.2068964	31.2914381	0	0	273.513
901	121.2068920	31.2914384	0	0	273.238
902	121.2068876	31.2914386	0	0	273.018
903	121.2068832	31.2914388	0	0	272.854
904	121.2068789	31.2914391	0	0	272.711
905	121.2068747	31.2914393	0	0	272.645
906	121.2068704	31.2914395	0	0	272.59
907	121.2068660	31.2914397	0	0	272.546
908	121.2068616	31.2914399	0	0	272.513
909	121.2068574	31.2914402	0	0	272.458
910	121.2068530	31.2914404	0	0	272.414
911	121.2068486	31.2914406	0	0	272.359
912	121.2068437	31.2914408	0	0	272.315
913	121.2068397	31.2914410	0	0	272.293
914	121.2068356	31.2914411	0	0	272.315
915	121.2068307	31.2914414	0	0	272.315
916	121.2068262	31.2914416	0	0	272.315
917	121.2068216	31.2914418	0	0	272.326
918	121.2068170	31.2914420	0	0	272.348
919	121.2068128	31.2914422	0	0	272.403
920	121.2068078	31.2914424	0	0	272.491
921	121.2068031	31.2914426	0	0	272.557
922	121.2067984	31.2914428	0	0	272.612
923	121.2067932	31.2914430	0	0	272.656
924	121.2067890	31.2914432	0	0	272.711
925	121.2067847	31.2914434	0	0	272.744
926	121.2067794	31.2914437	0	0	272.777
927	121.2067746	31.2914439	0	0	272.81
928	121.2067703	31.2914441	0	0	272.832
929	121.2067649	31.2914443	0	0	272.821
930	121.2067605	31.2914446	0	0	272.799
931	121.2067551	31.2914448	0	0	272.799
932	121.2067502	31.2914451	0	0	272.843
933	121.2067452	31.2914453	0	0	272.854
934	121.2067402	31.2914455	0	0	272.854
935	121.2067352	31.2914458	0	0	272.843
936	121.2067302	31.2914460	0	0	272.843
937	121.2067251	31.2914463	0	0	272.832
938	121.2067200	31.2914465	0	0	272.81
939	121.2067149	31.2914468	0	0	272.766
940	121.2067097	31.2914470	0	0	272.733
941	121.2067045	31.2914473	0	0	272.689
942	121.2066988	31.2914476	0	0	272.656
943	121.2066940	31.2914478	0	0	272.623
944	121.2066888	31.2914480	0	0	272.568
945	121.2066835	31.2914483	0	0	272.524
946	121.2066781	31.2914485	0	0	272.469
947	121.2066728	31.2914488	0	0	272.447
948	121.2066680	31.2914490	0	0	272.436
949	121.2066621	31.2914492	0	0	272.425
950	121.2066561	31.2914495	0	0	272.436
951	121.2066512	31.2914497	0	0	272.48
952	121.2066458	31.2914499	0	0	272.535
953	121.2066402	31.2914502	0	0	272.59
954	121.2066347	31.2914504	0	0	272.634
955	121.2066291	31.2914507	0	0	272.667
956	121.2066235	31.2914510	0	0	272.667
957	121.2066179	31.2914512	0	0	272.667
958	121.2066123	31.2914515	0	0	272.667
959	121.2066066	31.2914518	0	0	272.667
960	121.2066009	31.2914520	0	0	272.656
961	121.2065952	31.2914523	0	0	272.645
962	121.2065895	31.2914526	0	0	272.634
963	121.2065837	31.2914528	0	0	272.623
964	121.2065779	31.2914531	0	0	272.612
965	121.2065721	31.2914533	0	0	272.568
966	121.2065662	31.2914536	0	0	272.546
967	121.2065603	31.2914539	0	0	272.546
968	121.2065544	31.2914541	0	0	272.524
969	121.2065484	31.2914544	0	0	272.491
970	121.2065425	31.2914547	0	0	272.469
971	121.2065365	31.2914549	0	0	272.436
972	121.2065305	31.2914551	0	0	272.392
973	121.2065250	31.2914554	0	0	272.337
974	121.2065184	31.2914556	0	0	272.249
975	121.2065118	31.2914559	0	0	272.184
976	121.2065064	31.2914561	0	0	272.151
977	121.2065004	31.2914563	0	0	272.107
978	121.2064944	31.2914565	0	0	272.063
979	121.2064884	31.2914567	0	0	272.052
980	121.2064824	31.2914570	0	0	272.041
981	121.2064764	31.2914572	0	0	272.019
982	121.2064704	31.2914574	0	0	271.997
983	121.2064644	31.2914576	0	0	271.964
984	121.2064583	31.2914579	0	0	271.92
985	121.2064523	31.2914581	0	0	271.876
986	121.2064463	31.2914583	0	0	271.865
987	121.2064391	31.2914585	0	0	271.821
988	121.2064342	31.2914587	0	0	271.755
989	121.2064282	31.2914589	0	0	271.7
990	121.2064222	31.2914591	0	0	271.656
991	121.2064161	31.2914593	0	0	271.656
992	121.2064100	31.2914595	0	0	271.645
993	121.2064040	31.2914597	0	0	271.612
994	121.2063979	31.2914599	0	0	271.546
995	121.2063918	31.2914601	0	0	271.524
996	121.2063845	31.2914603	0	0	271.48
997	121.2063797	31.2914604	0	0	271.436
998	121.2063730	31.2914606	0	0	271.382
999	121.2063675	31.2914607	0	0	271.338
1000	121.2063614	31.2914609	0	0	271.305
1001	121.2063553	31.2914611	0	0	271.272
1002	121.2063492	31.2914612	0	0	271.25
1003	121.2063427	31.2914613	0	0	271.206
1004	121.2063361	31.2914615	0	0	271.173
1005	121.2063293	31.2914616	0	0	271.129
1006	121.2063238	31.2914617	0	0	271.107
1007	121.2063151	31.2914619	0	0	271.063
1008	121.2063113	31.2914620	0	0	271.041
1009	121.2063045	31.2914622	0	0	271.008
1010	121.2062990	31.2914623	0	0	270.975
1011	121.2062915	31.2914624	0	0	270.931
1012	121.2062865	31.2914625	0	0	270.898
1013	121.2062809	31.2914626	0	0	270.876
1014	121.2062741	31.2914628	0	0	270.832
1015	121.2062685	31.2914629	0	0	270.788
1016	121.2062617	31.2914630	0	0	270.766
1017	121.2062555	31.2914631	0	0	270.755
1018	121.2062493	31.2914632	0	0	270.755
1019	121.2062425	31.2914633	0	0	270.766
1020	121.2062351	31.2914635	0	0	270.777
1021	121.2062308	31.2914635	0	0	270.777
1022	121.2062247	31.2914637	0	0	270.777
1023	121.2062191	31.2914638	0	0	270.788
1024	121.2062112	31.2914640	0	0	270.81
1025	121.2062050	31.2914642	0	0	270.843
1026	121.2061995	31.2914643	0	0	270.876
1027	121.2061941	31.2914644	0	0	270.92
1028	121.2061886	31.2914645	0	0	270.964
1029	121.2061820	31.2914647	0	0	271.019
1030	121.2061760	31.2914648	0	0	271.052
1031	121.2061700	31.2914650	0	0	271.063
1032	121.2061640	31.2914651	0	0	271.085
1033	121.2061575	31.2914653	0	0	271.129
1034	121.2061522	31.2914654	0	0	271.173
1035	121.2061462	31.2914656	0	0	271.239
1036	121.2061404	31.2914657	0	0	271.294
1037	121.2061345	31.2914659	0	0	271.349
1038	121.2061286	31.2914661	0	0	271.414
1039	121.2061238	31.2914662	0	0	271.469
1040	121.2061162	31.2914664	0	0	271.557
1041	121.2061109	31.2914666	0	0	271.612
1042	121.2061051	31.2914668	0	0	271.7
1043	121.2060993	31.2914670	0	0	271.788
1044	121.2060935	31.2914672	0	0	271.865
1045	121.2060877	31.2914674	0	0	271.942
1046	121.2060820	31.2914676	0	0	272.019
1047	121.2060774	31.2914678	0	0	272.074
1048	121.2060706	31.2914680	0	0	272.107
1049	121.2060648	31.2914683	0	0	272.129
1050	121.2060591	31.2914685	0	0	272.118
1051	121.2060533	31.2914687	0	0	272.118
1052	121.2060477	31.2914690	0	0	272.118
1053	121.2060420	31.2914692	0	0	272.107
1054	121.2060364	31.2914694	0	0	272.107
1055	121.2060307	31.2914696	0	0	272.085
1056	121.2060256	31.2914698	0	0	272.052
1057	121.2060194	31.2914701	0	0	271.975
1058	121.2060138	31.2914703	0	0	271.876
1059	121.2060077	31.2914705	0	0	271.843
1060	121.2060027	31.2914706	0	0	271.832
1061	121.2059966	31.2914709	0	0	271.788
1062	121.2059916	31.2914710	0	0	271.788
1063	121.2059855	31.2914713	0	0	271.887
1064	121.2059806	31.2914714	0	0	271.92
1065	121.2059751	31.2914717	0	0	271.942
1066	121.2059696	31.2914719	0	0	272.008
1067	121.2059641	31.2914721	0	0	272.096
1068	121.2059587	31.2914723	0	0	272.194
1069	121.2059533	31.2914726	0	0	272.326
1070	121.2059479	31.2914728	0	0	272.48
1071	121.2059426	31.2914730	0	0	272.634
1072	121.2059373	31.2914733	0	0	272.799
1073	121.2059321	31.2914735	0	0	272.942
1074	121.2059264	31.2914738	0	0	273.106
1075	121.2059217	31.2914741	0	0	273.249
1076	121.2059160	31.2914744	0	0	273.392
1077	121.2059115	31.2914747	0	0	273.524
1078	121.2059064	31.2914750	0	0	273.656
1079	121.2059019	31.2914753	0	0	273.776
1080	121.2058960	31.2914757	0	0	273.919
1081	121.2058910	31.2914761	0	0	274.018
1082	121.2058866	31.2914764	0	0	274.117
1083	121.2058818	31.2914766	0	0	274.238
1084	121.2058765	31.2914770	0	0	274.337
1085	121.2058711	31.2914774	0	0	274.436
1086	121.2058673	31.2914777	0	0	274.491
1087	121.2058623	31.2914780	0	0	274.589
1088	121.2058581	31.2914783	0	0	274.633
1089	121.2058530	31.2914786	0	0	274.699
1090	121.2058493	31.2914789	0	0	274.754
1091	121.2058438	31.2914794	0	0	274.809
1092	121.2058402	31.2914796	0	0	274.853
1093	121.2058351	31.2914801	0	0	274.897
1094	121.2058306	31.2914804	0	0	274.952
1095	121.2058259	31.2914809	0	0	274.996
1096	121.2058206	31.2914813	0	0	274.996
1097	121.2058161	31.2914816	0	0	274.996
1098	121.2058130	31.2914819	0	0	274.985
1099	121.2058082	31.2914823	0	0	274.93
1100	121.2058038	31.2914826	0	0	274.897
1101	121.2057995	31.2914830	0	0	274.853
1102	121.2057947	31.2914833	0	0	274.721
1103	121.2057910	31.2914837	0	0	274.6
1104	121.2057863	31.2914840	0	0	274.403
1105	121.2057835	31.2914843	0	0	274.271
1106	121.2057785	31.2914846	0	0	274.062
1107	121.2057744	31.2914849	0	0	273.787
1108	121.2057703	31.2914852	0	0	273.414
1109	121.2057667	31.2914854	0	0	273.062
1110	121.2057622	31.2914857	0	0	272.601
1111	121.2057582	31.2914859	0	0	272.129
1112	121.2057542	31.2914860	0	0	271.634
1113	121.2057502	31.2914861	0	0	271.129
1114	121.2057463	31.2914862	0	0	270.404
1115	121.2057423	31.2914862	0	0	269.701
1116	121.2057384	31.2914862	0	0	268.987
1117	121.2057345	31.2914862	0	0	268.272
1118	121.2057306	31.2914861	0	0	267.558
1119	121.2057271	31.2914860	0	0	266.921
1120	121.2057229	31.2914858	0	0	266.163
1121	121.2057191	31.2914856	0	0	265.471
1122	121.2057145	31.2914853	0	0	264.647
1123	121.2057114	31.2914851	0	0	264.065
1124	121.2057076	31.2914848	0	0	263.296
1125	121.2057034	31.2914843	0	0	262.384
1126	121.2057004	31.2914840	0	0	261.681
1127	121.2056963	31.2914835	0	0	260.648
1128	121.2056926	31.2914829	0	0	259.67
1129	121.2056889	31.2914824	0	0	258.693
1130	121.2056853	31.2914817	0	0	257.715
1131	121.2056813	31.2914810	0	0	256.616
1132	121.2056784	31.2914804	0	0	255.781
1133	121.2056745	31.2914795	0	0	254.573
1134	121.2056720	31.2914790	0	0	253.76
1135	121.2056675	31.2914778	0	0	252.189
1136	121.2056640	31.2914769	0	0	250.959
1137	121.2056609	31.2914759	0	0	249.816
1138	121.2056575	31.2914749	0	0	248.498
1139	121.2056539	31.2914736	0	0	247.157
1140	121.2056506	31.2914724	0	0	245.641
1141	121.2056474	31.2914711	0	0	244.257
1142	121.2056442	31.2914698	0	0	242.862
1143	121.2056411	31.2914684	0	0	241.434
1144	121.2056377	31.2914668	0	0	239.83
1145	121.2056350	31.2914655	0	0	238.489
1146	121.2056320	31.2914639	0	0	236.962
1147	121.2056292	31.2914623	0	0	235.402
1148	121.2056260	31.2914604	0	0	233.667
1149	121.2056236	31.2914589	0	0	232.37
1150	121.2056209	31.2914570	0	0	230.591
1151	121.2056182	31.2914551	0	0	229.009
1152	121.2056156	31.2914532	0	0	227.416
1153	121.2056131	31.2914512	0	0	225.867
1154	121.2056106	31.2914491	0	0	224.372
1155	121.2056080	31.2914468	0	0	222.757
1156	121.2056059	31.2914448	0	0	221.461
1157	121.2056036	31.2914426	0	0	220.022
1158	121.2056013	31.2914403	0	0	218.583
1159	121.2055989	31.2914377	0	0	216.968
1160	121.2055970	31.2914354	0	0	215.639
1161	121.2055949	31.2914329	0	0	214.188
1162	121.2055928	31.2914303	0	0	212.804
1163	121.2055907	31.2914276	0	0	211.508
1164	121.2055890	31.2914251	0	0	210.541
1165	121.2055868	31.2914218	0	0	209.113
1166	121.2055851	31.2914193	0	0	208.212
1167	121.2055831	31.2914161	0	0	207.124
1168	121.2055815	31.2914134	0	0	206.3
1169	121.2055797	31.2914103	0	0	205.455
1170	121.2055777	31.2914068	0	0	204.62
1171	121.2055760	31.2914037	0	0	203.982
1172	121.2055744	31.2914007	0	0	203.477
1173	121.2055727	31.2913975	0	0	202.972
1174	121.2055710	31.2913942	0	0	202.51
1175	121.2055693	31.2913908	0	0	202.082
1176	121.2055679	31.2913877	0	0	201.73
1177	121.2055660	31.2913840	0	0	201.357
1178	121.2055644	31.2913805	0	0	201.082
1179	121.2055626	31.2913766	0	0	200.807
1180	121.2055608	31.2913727	0	0	200.577
1181	121.2055596	31.2913698	0	0	200.412
1182	121.2055580	31.2913662	0	0	200.236
1183	121.2055564	31.2913626	0	0	200.082
1184	121.2055548	31.2913590	0	0	199.951
1185	121.2055531	31.2913550	0	0	199.863
1186	121.2055511	31.2913503	0	0	199.808
1187	121.2055502	31.2913481	0	0	199.797
1188	121.2055486	31.2913444	0	0	199.819
1189	121.2055472	31.2913411	0	0	199.852
1190	121.2055456	31.2913375	0	0	199.885
1191	121.2055440	31.2913338	0	0	199.929
1192	121.2055422	31.2913297	0	0	199.984
1193	121.2055406	31.2913260	0	0	200.027
1194	121.2055391	31.2913227	0	0	200.082
1195	121.2055373	31.2913186	0	0	200.181
1196	121.2055357	31.2913149	0	0	200.313
1197	121.2055340	31.2913112	0	0	200.489
1198	121.2055323	31.2913075	0	0	200.665
1199	121.2055310	31.2913045	0	0	200.796
1200	121.2055293	31.2913009	0	0	200.95
1201	121.2055276	31.2912972	0	0	201.104
1202	121.2055254	31.2912924	0	0	201.258
1203	121.2055239	31.2912892	0	0	201.368
1204	121.2055222	31.2912856	0	0	201.489
1205	121.2055207	31.2912823	0	0	201.576
1206	121.2055188	31.2912784	0	0	201.598
1207	121.2055171	31.2912748	0	0	201.565
1208	121.2055155	31.2912713	0	0	201.533
1209	121.2055140	31.2912681	0	0	201.533
1210	121.2055122	31.2912643	0	0	201.598
1211	121.2055105	31.2912608	0	0	201.653
1212	121.2055090	31.2912577	0	0	201.697
1213	121.2055072	31.2912539	0	0	201.73
1214	121.2055056	31.2912506	0	0	201.752
1215	121.2055043	31.2912477	0	0	201.752
1216	121.2055026	31.2912442	0	0	201.785
1217	121.2055012	31.2912412	0	0	201.851
1218	121.2054998	31.2912383	0	0	201.917
1219	121.2054984	31.2912355	0	0	201.983
1220	121.2054972	31.2912328	0	0	202.071
1221	121.2054961	31.2912307	0	0	202.137
1222	121.2054949	31.2912282	0	0	202.214
1223	121.2054935	31.2912254	0	0	202.302
1224	121.2054926	31.2912233	0	0	202.356
1225	121.2054914	31.2912210	0	0	202.411
1226	121.2054904	31.2912189	0	0	202.488
1227	121.2054895	31.2912172	0	0	202.543
1228	121.2054885	31.2912152	0	0	202.598
1229	121.2054877	31.2912135	0	0	202.653
1230	121.2054869	31.2912119	0	0	202.708
1231	121.2054862	31.2912106	0	0	202.741
1232	121.2054855	31.2912091	0	0	202.807
1233	121.2054850	31.2912081	0	0	202.84
1234	121.2054844	31.2912069	0	0	202.873
1235	121.2054839	31.2912059	0	0	202.906
1236	121.2054832	31.2912045	0	0	202.961
1237	121.2054827	31.2912035	0	0	202.994
